0.0000 0.7466 -0.8958 -0.6604 0.7294 0.7785 -0.6200 -0.9225 -1.9359 0.6865 -0.6699 -0.6221 -1.9372 -0.6506 0.7405 -0.6466 -0.6456 -0.6254 0.8128 -2.2114
0.7466 0.0000 0.6402 0.8756 -0.5091 -0.4600 0.9161 0.6777 0.8565 -0.5521 0.9303 0.9140 0.8552 0.8854 -0.4981 0.8894 0.8904 0.9106 -0.4257 0.9338
-0.8958 0.6402 0.0000 -0.9497 0.6230 0.6721 -0.9092 -0.9648 -0.7860 0.5801 -0.7121 -0.9113 -0.7872 -1.8667 0.6341 -1.8627 -0.9349 -0.9147 0.7064 -0.7086
-0.6604 0.8756 -0.9497 0.0000 0.8584 0.9075 -1.1833 -0.7294 -0.5505 0.8155 -0.4767 -2.1533 -0.5518 -0.7045 0.8695 -0.7005 -2.3168 -1.1888 0.9418 -0.4732
0.7294 -0.5091 0.6230 0.8584 0.0000 -1.1915 0.8989 0.6605 0.8393 -1.4891 0.9132 0.8968 0.8380 0.8683 -1.2295 0.8722 0.8733 0.8934 -2.2312 0.9166
0.7785 -0.4600 0.6721 0.9075 -1.1915 0.0000 0.9480 0.7096 0.8884 -1.2344 0.9623 0.9459 0.8871 0.9174 -1.7541 0.9213 0.9224 0.9425 -1.1081 0.9657
-0.6200 0.9161 -0.9092 -1.1833 0.8989 0.9480 0.0000 -0.6889 -0.5101 0.8559 -0.4362 -1.1450 -0.5114 -0.6640 0.9099 -0.6600 -1.1685 -2.0345 0.9823 -0.4328
-0.9225 0.6777 -0.9648 -0.7294 0.6605 0.7096 -0.6889 0.0000 -0.8126 0.6175 -1.6743 -0.6910 -0.8139 -0.7195 0.6716 -0.7156 -0.7145 -0.6944 0.7439 -0.7353
-1.9359 0.8565 -0.7860 -0.5505 0.8393 0.8884 -0.5101 -0.8126 0.0000 0.7964 -0.5600 -0.5122 -1.9095 -0.5407 0.8504 -0.5368 -0.5357 -0.5156 0.9227 -1.7487
0.6865 -0.5521 0.5801 0.8155 -1.4891 -1.2344 0.8559 0.6175 0.7964 0.0000 0.8702 0.8538 0.7951 0.8253 -1.2725 0.8292 0.8303 0.8505 -1.4058 0.8737
-0.6699 0.9303 -0.7121 -0.4767 0.9132 0.9623 -0.4362 -1.6743 -0.5600 0.8702 0.0000 -0.4383 -0.5613 -0.4669 0.9242 -0.4629 -0.4619 -0.4417 0.9965 -0.4827
-0.6221 0.9140 -0.9113 -2.1533 0.8968 0.9459 -1.1450 -0.6910 -0.5122 0.8538 -0.4383 0.0000 -0.5135 -0.6661 0.9079 -0.6621 -2.1385 -1.1504 0.9802 -0.4349
-1.9372 0.8552 -0.7872 -0.5518 0.8380 0.8871 -0.5114 -0.8139 -1.9095 0.7951 -0.5613 -0.5135 0.0000 -0.5420 0.8491 -0.5381 -0.5370 -0.5168 0.9214 -1.7500
-0.6506 0.8854 -1.8667 -0.7045 0.8683 0.9174 -0.6640 -0.7195 -0.5407 0.8253 -0.4669 -0.6661 -0.5420 0.0000 0.8793 -2.3458 -0.6896 -0.6695 0.9516 -0.4634
0.7405 -0.4981 0.6341 0.8695 -1.2295 -1.7541 0.9099 0.6716 0.8504 -1.2725 0.9242 0.9079 0.8491 0.8793 0.0000 0.8833 0.8843 0.9045 -1.1462 0.9277
-0.6466 0.8894 -1.8627 -0.7005 0.8722 0.9213 -0.6600 -0.7156 -0.5368 0.8292 -0.4629 -0.6621 -0.5381 -2.3458 0.8833 0.0000 -0.6857 -0.6655 0.9556 -0.4594
-0.6456 0.8904 -0.9349 -2.3168 0.8733 0.9224 -1.1685 -0.7145 -0.5357 0.8303 -0.4619 -2.1385 -0.5370 -0.6896 0.8843 -0.6857 0.0000 -1.1740 0.9566 -0.4584
-0.6254 0.9106 -0.9147 -1.1888 0.8934 0.9425 -2.0345 -0.6944 -0.5156 0.8505 -0.4417 -1.1504 -0.5168 -0.6695 0.9045 -0.6655 -1.1740 0.0000 0.9768 -0.4382
0.8128 -0.4257 0.7064 0.9418 -2.2312 -1.1081 0.9823 0.7439 0.9227 -1.4058 0.9965 0.9802 0.9214 0.9516 -1.1462 0.9556 0.9566 0.9768 0.0000 1.0000
-2.2114 0.9338 -0.7086 -0.4732 0.9166 0.9657 -0.4328 -0.7353 -1.7487 0.8737 -0.4827 -0.4349 -1.7500 -0.4634 0.9277 -0.4594 -0.4584 -0.4382 1.0000 0.0000
